HRH2_HUMAN_resnum	total_score	n_evidence
2	-2	2
3	-8	8
4	-4	4
6	-2	2
7	-6	6
8	-12	12
9	-4	4
13	-2	2
14	-4	4
15	-6	6
17	2	2
18	-10	10
19	-12	12
20	2	2
21	-6	6
22	2	2
23	-10	10
24	-6	6
25	0	12
26	-2	6
27	-6	18
28	0	4
30	-4	8
31	0	4
32	6	10
33	-4	4
34	0	4
35	4	4
36	8	8
37	-2	6
38	-4	4
39	2	2
40	0	8
41	-2	2
42	-6	10
43	2	10
44	-2	2
45	-4	8
46	-8	8
47	-4	4
48	-4	4
49	-8	8
50	-14	14
51	-10	10
52	2	6
54	0	8
55	-12	12
56	-4	4
57	2	6
58	-2	2
59	6	6
60	2	2
61	2	6
62	-6	6
64	6	6
65	0	8
66	-2	2
67	4	12
68	4	16
69	-6	10
70	4	4
71	6	6
72	-4	4
73	0	4
74	-6	6
75	2	10
76	2	10
77	-8	8
78	4	4
79	-2	2
80	-12	12
81	-4	4
82	-2	2
83	0	8
84	2	6
85	-10	10
87	2	18
88	-4	4
89	-12	12
90	-4	8
91	12	16
92	2	2
93	-2	2
94	2	10
95	6	10
96	-4	8
97	-8	12
98	2	6
100	-2	6
101	0	4
102	6	6
104	0	4
105	-2	6
106	2	10
107	4	4
108	4	8
109	4	8
110	0	4
111	-4	16
112	0	8
113	-4	4
114	0	4
115	6	6
116	24	36
118	-10	10
119	-2	2
120	-6	6
121	-4	4
122	-8	12
123	-2	2
124	2	10
125	0	16
126	-4	4
127	-4	12
128	-6	6
129	-2	2
130	-4	8
131	-2	2
132	-8	12
133	2	2
134	-2	14
135	-2	2
136	-6	6
137	-16	16
138	-6	6
139	-2	2
140	-12	12
141	-2	2
142	-10	14
143	8	8
144	-6	10
145	-2	10
146	-4	16
147	-4	12
148	-2	14
149	2	6
150	6	14
151	-2	6
152	2	2
153	10	18
154	-2	6
155	-16	16
158	-6	10
159	0	8
160	-4	4
161	-4	8
162	4	16
163	-2	6
164	0	4
165	-2	2
168	-2	2
169	-4	4
170	2	14
171	-2	6
172	-2	10
173	2	10
174	10	14
175	-2	10
176	-4	4
177	2	18
178	-6	10
179	-6	6
180	-6	10
181	-4	4
182	-2	6
184	-8	8
186	4	4
187	-2	6
188	-2	6
190	6	6
191	-2	6
192	-4	4
193	-10	10
194	2	6
195	4	4
196	-4	4
197	-6	6
198	2	6
199	-6	10
200	-16	16
201	4	4
202	-2	2
203	-2	2
204	-4	4
205	-2	2
206	0	4
207	-10	10
208	-4	8
209	-4	4
210	-4	4
211	-6	6
212	-2	2
213	-10	10
214	-4	4
215	-2	2
216	-2	2
217	-2	6
218	-6	6
220	-2	2
221	-2	2
222	-2	2
223	-6	6
224	-2	2
225	-2	2
226	-4	4
227	-10	10
229	10	14
230	-2	2
231	-2	6
232	-2	2
233	8	8
234	-8	8
235	2	10
236	4	12
237	2	6
238	-4	4
239	-6	10
240	0	12
241	-2	10
242	-4	4
243	4	8
244	-8	8
245	-12	12
246	2	2
247	-2	2
248	4	4
249	12	16
250	0	8
251	0	8
252	-12	16
253	-2	6
254	-4	4
255	-4	4
256	-6	6
257	-2	2
258	-4	12
259	-2	2
260	4	4
261	-2	6
262	-6	6
263	2	2
265	-6	10
266	4	12
267	0	4
268	0	8
269	-6	6
270	-2	2
271	-4	4
272	-4	4
273	-2	2
274	-4	12
275	0	4
276	-2	2
277	-4	4
278	8	12
279	0	16
280	2	2
281	0	4
282	0	4
283	-2	6
284	0	4
285	12	16
286	-10	14
287	2	2
289	-2	2
290	-4	8
291	-4	4
292	-4	4
293	-6	6
294	-8	8
295	0	4
296	-8	12
297	-2	2
298	-8	8
299	0	4
300	-10	10
301	-8	8
302	0	4
303	-2	2
304	-6	6
305	-4	8
306	-10	10
307	-8	8
308	-6	6
309	-2	2
310	-2	2
317	-2	2
318	-6	6
320	-6	6
322	-12	12
323	-4	4
324	10	14
325	2	2
328	-2	2
334	-2	2
337	-2	2
338	-2	2
339	-2	2
341	-4	4
344	-4	4
350	-2	2
355	-2	2
