amino_acid	normalised_logEC50	normalised_amplitude	logEC50_mean	amplitude_mean
2	0.27	1.04	-6.77	0.074
3	-0.29	1.12	-7.33	0.071
4	-0.15	1.04	-7.19	0.066
5	-0.51	1.05	-7.55	0.067
6	-0.18	1.17	-7.22	0.074
7	0.14	0.89	-6.90	0.061
8	-0.04	0.54	-7.08	0.037
9	-0.18	0.94	-7.22	0.061
10	-0.14	1.17	-7.18	0.076
11	-0.28	1.08	-7.32	0.070
12	0.07	1.18	-6.97	0.077
13	0.06	1.04	-6.98	0.069
14	0.05	1.06	-7.00	0.075
15	0.01	0.95	-7.03	0.062
16	0.24	0.78	-6.80	0.050
17	-0.21	0.95	-7.25	0.062
18	0.06	0.90	-6.98	0.058
19	0.36	0.87	-6.68	0.056
20	0.19	0.90	-6.85	0.058
21	0.32	0.85	-6.72	0.055
22	-0.22	0.95	-7.26	0.062
23	-0.07	0.93	-7.11	0.061
24	0.02	1.04	-7.02	0.067
25	-0.08	0.97	-7.12	0.063
26	-0.08	1.12	-7.12	0.080
27	-0.11	1.11	-7.15	0.090
28	-0.22	1.04	-7.26	0.085
29	-0.23	1.04	-7.27	0.084
30	-0.10	0.99	-7.14	0.081
31	-0.28	1.03	-7.32	0.083
32	0.06	0.96	-6.98	0.078
33	-0.06	0.99	-7.10	0.081
34	-0.05	0.94	-7.09	0.077
35	-0.13	0.97	-7.18	0.079
36	0.33	0.93	-6.71	0.076
37	0.20	0.91	-6.84	0.076
38	0.27	0.98	-6.77	0.069
39	-0.07	0.97	-7.11	0.079
40	0.23	1.02	-6.81	0.082
41	-0.10	1.04	-7.14	0.085
42	-0.22	0.97	-7.26	0.079
43	0.14	0.98	-6.90	0.079
44	0.07	0.77	-6.97	0.061
45	-0.51	0.95	-7.55	0.077
46	0.12	0.82	-6.92	0.067
47	-0.13	0.90	-7.17	0.073
48	0.34	0.85	-6.70	0.069
49	-0.15	0.71	-7.19	0.059
50	-0.12	0.79	-7.16	0.056
51	0.96	0.38	-6.08	0.031
52	-0.21	0.99	-7.25	0.081
53	0.09	0.87	-6.95	0.073
54	0.35	0.94	-6.69	0.077
55	0.93	0.43	-6.11	0.035
56	0.03	1.05	-7.01	0.087
57	0.86	0.96	-6.18	0.080
58	0.58	0.63	-6.46	0.051
59	0.70	0.91	-6.34	0.076
60	1.05	0.68	-5.99	0.056
61	0.43	0.85	-6.61	0.070
62	0.51	1.28	-6.53	0.090
63	0.40	1.19	-6.64	0.098
64	0.75	0.38	-6.29	0.032
65	0.11	0.82	-6.93	0.068
66	0.75	0.70	-6.29	0.062
67	-0.32	0.86	-7.36	0.072
68	0.13	0.72	-6.91	0.060
69	0.34	0.84	-6.70	0.070
70	0.50	0.94	-6.54	0.078
71	1.10	0.60	-5.94	0.050
72	1.21	0.74	-5.83	0.062
73	-0.68	0.91	-7.72	0.074
74	0.61	1.35	-6.43	0.095
75	0.56	1.15	-6.48	0.089
76	1.53	0.60	-5.51	0.047
77	0.21	1.13	-6.83	0.087
78	1.10	0.83	-5.94	0.064
79	1.66	0.53	-5.38	0.041
80	0.37	0.82	-6.67	0.064
81	-0.40	0.94	-7.44	0.073
82	2.14	1.20	-4.90	0.093
83	0.95	0.89	-6.09	0.069
84	-0.13	1.07	-7.17	0.083
85	0.27	0.98	-6.77	0.076
86	1.19	0.78	-5.85	0.055
87	0.94	0.41	-6.10	0.032
88	1.51	0.32	-5.53	0.025
89	0.05	0.83	-6.99	0.064
90	0.46	1.12	-6.58	0.087
91	-0.09	0.98	-7.13	0.076
92	0.10	0.81	-6.94	0.062
93	0.62	0.84	-6.42	0.065
94	0.37	0.94	-6.67	0.073
95	0.16	0.88	-6.88	0.068
96	0.43	0.80	-6.61	0.062
97	0.57	0.93	-6.47	0.072
98	0.16	0.88	-6.88	0.061
99	2.59	0.00	-4.45	0.000
100	0.10	1.01	-6.94	0.086
101	0.52	0.50	-6.52	0.043
102	1.20	0.41	-5.84	0.034
103	-0.29	0.88	-7.33	0.075
104	0.17	0.99	-6.87	0.084
105	-0.47	0.91	-7.51	0.076
106	3.04	0.00	-4.00	0.000
107	0.45	0.72	-6.59	0.061
108	0.62	0.98	-6.42	0.083
109	0.46	0.96	-6.58	0.081
110	0.88	0.99	-6.16	0.069
111	0.38	0.88	-6.66	0.075
112	0.33	0.92	-6.71	0.079
113	0.35	0.00	-6.69	0.000
114	2.65	0.99	-4.39	0.084
115	0.54	0.76	-6.50	0.065
116	-0.02	0.64	-7.06	0.054
117	0.55	0.68	-6.49	0.057
118	2.50	0.61	-4.54	0.053
119	0.34	0.72	-6.70	0.061
120	1.49	0.84	-5.55	0.072
121	2.12	0.43	-4.92	0.037
122	0.83	1.17	-6.21	0.082
123	0.02	0.47	-7.02	0.036
124	-0.07	0.00	-7.11	0.000
125	0.82	0.00	-6.22	0.000
126	0.79	1.04	-6.25	0.081
127	1.87	1.03	-5.17	0.080
128	-0.15	0.85	-7.19	0.066
129	0.81	1.10	-6.23	0.085
130	0.02	0.71	-7.02	0.053
131	0.52	0.78	-6.52	0.060
132	0.78	0.73	-6.26	0.056
133	0.49	0.95	-6.55	0.074
134	0.86	0.80	-6.18	0.056
135	0.36	0.48	-6.68	0.037
136	0.06	0.96	-6.98	0.074
137	0.15	0.83	-6.89	0.064
138	1.14	0.92	-5.90	0.071
139	1.52	0.70	-5.52	0.054
140	0.22	0.82	-6.82	0.063
141	0.90	0.78	-6.14	0.060
142	0.37	0.97	-6.67	0.075
143	-0.38	1.05	-7.42	0.081
144	0.11	0.89	-6.93	0.069
145	0.05	0.89	-6.99	0.069
146	1.05	0.80	-5.99	0.057
147	0.38	1.02	-6.66	0.070
148	0.64	0.75	-6.40	0.052
149	0.15	0.84	-6.89	0.058
150	0.29	0.74	-6.75	0.050
151	0.06	0.95	-6.98	0.065
152	-0.08	0.95	-7.12	0.064
153	0.44	0.93	-6.61	0.063
154	0.44	0.98	-6.60	0.067
155	-0.29	0.97	-7.33	0.066
156	0.02	1.01	-7.02	0.069
157	0.74	0.97	-6.30	0.066
158	1.90	0.23	-5.14	0.017
159	0.44	0.85	-6.60	0.058
160	0.73	0.76	-6.31	0.052
161	0.11	0.71	-6.93	0.049
162	-0.01	0.82	-7.05	0.056
163	0.09	0.87	-6.95	0.059
164	0.49	0.89	-6.55	0.061
165	0.81	0.98	-6.23	0.067
166	1.05	0.98	-5.99	0.067
167	0.68	1.00	-6.36	0.068
168	1.86	0.43	-5.18	0.029
169	1.72	0.70	-5.32	0.048
170	0.70	0.96	-6.34	0.068
171	-0.14	1.17	-7.18	0.080
172	0.51	0.97	-6.53	0.066
173	1.21	1.01	-5.83	0.069
174	0.19	0.87	-6.85	0.059
175	0.21	0.85	-6.83	0.058
176	0.18	0.99	-6.86	0.068
177	0.24	1.10	-6.80	0.076
178	0.38	1.10	-6.66	0.075
179	-0.10	1.09	-7.14	0.074
180	0.38	1.05	-6.66	0.072
181	0.55	0.82	-6.49	0.056
182	0.15	0.85	-6.89	0.060
183	-0.27	1.15	-7.31	0.078
184	2.03	0.82	-5.01	0.056
185	0.89	0.80	-6.15	0.055
186	0.02	1.15	-7.02	0.078
187	0.21	1.03	-6.83	0.070
188	0.16	0.96	-6.88	0.065
189	-0.12	1.07	-7.16	0.072
190	2.24	0.40	-4.80	0.029
191	-0.34	0.00	-7.38	0.000
192	0.76	1.14	-6.28	0.078
193	2.02	1.00	-5.03	0.067
194	0.82	1.08	-6.22	0.076
195	-0.59	1.02	-7.63	0.076
196	0.94	0.95	-6.10	0.070
197	0.16	1.09	-6.88	0.080
198	-0.06	1.06	-7.10	0.079
199	2.43	0.62	-4.61	0.045
200	0.06	0.97	-6.98	0.071
201	0.63	0.84	-6.41	0.063
202	0.09	1.01	-6.95	0.075
203	1.89	1.13	-5.15	0.082
204	1.83	1.11	-5.21	0.082
205	-0.18	1.05	-7.22	0.077
206	0.43	1.06	-6.61	0.074
207	1.69	0.94	-5.35	0.069
208	2.03	0.61	-5.02	0.045
209	1.39	0.93	-5.65	0.068
210	-0.31	1.09	-7.35	0.080
211	2.15	0.38	-4.89	0.028
212	0.40	0.83	-6.64	0.062
213	0.17	0.87	-6.87	0.064
214	1.09	0.99	-5.95	0.072
215	1.72	1.06	-5.32	0.078
216	-0.03	1.00	-7.07	0.074
217	0.81	1.06	-6.23	0.077
218	0.11	0.77	-6.93	0.054
219	1.98	0.93	-5.06	0.075
220	0.18	0.96	-6.86	0.078
221	1.06	1.00	-5.98	0.081
222	1.10	1.13	-5.94	0.091
223	0.79	0.98	-6.25	0.080
224	0.01	1.00	-7.03	0.081
225	0.44	0.90	-6.60	0.073
226	1.06	0.73	-5.98	0.060
227	0.04	0.98	-7.00	0.080
228	0.25	0.90	-6.79	0.074
229	0.08	0.96	-6.96	0.078
230	-0.26	1.05	-7.30	0.073
231	0.35	0.97	-6.69	0.078
232	0.51	0.79	-6.53	0.064
233	0.87	1.03	-6.17	0.083
234	0.27	0.86	-6.77	0.070
235	0.14	0.98	-6.90	0.079
236	0.00	0.76	-7.04	0.062
237	0.32	0.88	-6.72	0.072
238	0.17	0.94	-6.87	0.076
239	0.43	0.99	-6.61	0.080
240	0.09	0.93	-6.95	0.076
241	0.20	0.96	-6.84	0.077
242	0.69	1.18	-6.35	0.083
243	0.34	0.95	-6.70	0.076
244	0.44	0.97	-6.60	0.077
245	0.13	0.94	-6.91	0.075
246	0.66	0.92	-6.38	0.073
247	0.24	0.99	-6.80	0.079
248	0.08	0.95	-6.96	0.075
249	0.19	0.97	-6.85	0.079
250	0.26	1.01	-6.78	0.081
251	0.12	0.87	-6.92	0.070
252	0.07	1.02	-6.97	0.081
253	0.54	0.98	-6.50	0.078
254	-0.11	1.05	-7.15	0.073
255	0.07	0.88	-6.97	0.070
256	0.34	0.87	-6.70	0.069
257	0.05	0.86	-6.99	0.068
258	-0.23	0.90	-7.27	0.072
259	0.04	0.86	-7.00	0.068
260	-0.11	0.84	-7.15	0.067
261	0.43	0.88	-6.61	0.070
262	0.13	0.79	-6.91	0.063
263	0.42	0.97	-6.62	0.077
264	0.01	0.98	-7.03	0.078
265	0.04	0.86	-7.00	0.069
266	0.02	1.17	-7.02	0.082
267	0.25	1.07	-6.80	0.083
268	0.14	0.63	-6.90	0.048
269	0.32	0.91	-6.72	0.070
270	0.64	1.00	-6.40	0.077
271	0.81	0.97	-6.23	0.075
272	-0.69	0.92	-7.73	0.070
273	0.89	1.05	-6.15	0.081
274	0.03	0.81	-7.01	0.062
275	0.93	0.60	-6.11	0.046
276	0.63	0.87	-6.41	0.067
277	0.06	0.87	-6.98	0.067
278	0.69	0.85	-6.35	0.060
279	1.62	0.99	-5.42	0.076
280	1.12	1.06	-5.92	0.082
281	0.60	0.93	-6.44	0.072
282	1.41	0.25	-5.63	0.019
283	0.23	1.01	-6.81	0.078
284	0.30	0.88	-6.74	0.068
285	1.48	0.67	-5.57	0.052
286	0.04	0.00	-7.00	0.000
287	0.10	0.66	-6.94	0.051
288	1.35	0.24	-5.69	0.018
289	2.54	0.44	-4.50	0.033
290	1.18	0.92	-5.86	0.064
291	0.58	0.70	-6.46	0.050
292	0.18	1.08	-6.86	0.078
293	1.00	0.96	-6.04	0.069
294	0.85	1.09	-6.19	0.078
295	-0.53	0.95	-7.57	0.069
296	-0.13	0.92	-7.17	0.066
297	-0.32	1.03	-7.36	0.075
298	-0.25	0.93	-7.29	0.067
299	-0.36	1.02	-7.40	0.074
300	-0.29	0.99	-7.33	0.072
301	0.10	0.99	-6.94	0.072
302	0.02	0.91	-7.02	0.063
303	0.55	0.89	-6.49	0.064
304	-0.09	0.74	-7.13	0.053
305	0.61	0.82	-6.43	0.059
306	0.97	0.51	-6.07	0.036
307	0.36	0.85	-6.68	0.061
308	1.10	1.03	-5.95	0.074
309	0.24	0.73	-6.80	0.053
310	-0.35	0.78	-7.39	0.056
311	0.34	0.94	-6.70	0.067
312	2.84	0.54	-4.20	0.037
313	0.90	0.47	-6.14	0.034
314	0.43	0.84	-6.61	0.058
315	0.71	0.73	-6.33	0.055
316	1.44	0.49	-5.60	0.038
317	-0.39	1.04	-7.43	0.080
318	0.91	0.88	-6.13	0.067
319	0.78	1.07	-6.26	0.081
320	-0.46	1.02	-7.50	0.077
321	0.15	1.07	-6.89	0.082
322	1.34	0.64	-5.70	0.048
323	1.20	0.83	-5.84	0.063
324	0.24	1.05	-6.80	0.080
325	1.22	0.82	-5.82	0.063
326	0.70	0.53	-6.34	0.038
327	-0.43	0.90	-7.47	0.067
328	0.64	1.23	-6.40	0.093
329	0.32	0.97	-6.72	0.074
330	0.01	0.99	-7.03	0.075
331	0.09	0.81	-6.95	0.060
332	1.23	0.52	-5.81	0.039
333	0.11	0.88	-6.93	0.067
334	-0.15	0.94	-7.19	0.071
335	0.39	0.93	-6.65	0.070
336	0.32	1.03	-6.72	0.077
337	0.13	1.05	-6.91	0.079
338	0.54	0.89	-6.50	0.062
339	0.40	0.87	-6.64	0.077
340	0.33	0.75	-6.71	0.066
341	0.19	0.91	-6.85	0.079
342	0.09	0.97	-6.95	0.085
343	0.06	0.91	-6.98	0.081
344	0.05	1.03	-6.99	0.092
345	-0.02	0.95	-7.06	0.084
346	-0.16	0.95	-7.20	0.084
347	-0.47	1.01	-7.51	0.089
348	-0.35	1.08	-7.39	0.096
349	0.11	1.02	-6.93	0.089
350	-0.07	0.99	-7.11	0.069
351	-0.06	0.89	-7.10	0.078
352	-0.04	0.81	-7.08	0.071
353	0.01	0.84	-7.03	0.074
354	0.18	0.83	-6.86	0.073
355	-0.10	0.89	-7.14	0.078
356	-0.08	0.86	-7.12	0.075
357	0.03	0.85	-7.01	0.074
358	-0.01	0.85	-7.05	0.075
359	-0.13	0.93	-7.17	0.081
360	0.03	0.82	-7.01	0.072
361	0.13	0.91	-6.91	0.080
362	-0.15	0.99	-7.19	0.069
363	-0.30	1.03	-7.34	0.086
364	0.01	0.95	-7.03	0.079
365	-0.13	0.99	-7.17	0.082
366	-0.39	0.97	-7.43	0.078
367	-0.47	1.04	-7.51	0.082
368	-0.16	0.85	-7.20	0.068
369	-0.27	0.91	-7.31	0.072
370	-0.30	1.02	-7.34	0.086
371	0.07	0.88	-6.97	0.073
372	0.06	1.00	-6.98	0.083
373	-0.02	0.89	-7.06	0.074
374	0.25	0.94	-6.79	0.066
375	-0.22	0.94	-7.26	0.078
376	-0.19	0.93	-7.23	0.077
377	-0.18	0.89	-7.22	0.073
378	0.10	0.82	-6.94	0.065
379	-0.17	0.89	-7.21	0.072
380	-0.03	0.85	-7.07	0.068
381	-0.10	0.83	-7.14	0.066
382	0.10	0.84	-6.94	0.070
383	-0.02	0.79	-7.06	0.066
384	0.00	0.83	-7.04	0.069
385	0.15	0.79	-6.89	0.065
386	0.09	1.01	-6.95	0.077
387	-0.20	0.94	-7.24	0.073
388	-0.17	1.02	-7.21	0.078
389	0.17	1.01	-6.87	0.078
390	-0.03	1.04	-7.07	0.080
391	0.07	0.94	-6.97	0.073
392	-0.13	0.93	-7.17	0.072
393	0.02	0.91	-7.02	0.070
394	-0.03	0.89	-7.07	0.068
395	0.16	0.83	-6.88	0.063
396	0.10	0.87	-6.94	0.067
397	0.21	0.87	-6.83	0.066
398	0.32	0.90	-6.72	0.068
399	0.28	0.85	-6.76	0.065
400	-0.02	0.90	-7.06	0.069
401	0.13	0.92	-6.91	0.070
402	0.02	1.09	-7.02	0.078
403	0.27	1.05	-6.77	0.075
404	-0.25	1.15	-7.29	0.082
405	-0.03	1.07	-7.07	0.076
406	-0.01	1.03	-7.05	0.073
407	0.16	1.10	-6.88	0.072
408	0.36	1.16	-6.68	0.076
409	0.12	1.08	-6.92	0.070
410	0.05	1.02	-6.99	0.072
411	-0.07	1.02	-7.11	0.073
412	0.08	0.94	-6.96	0.066
413	0.12	1.02	-6.92	0.073
